6.19140625 1.82763671875 0.623388671875 341.086887574
4.328125 2.154296875 0.3478515625 355.105514793
4.42578125 2.06787109375 0.203271484375 349.715502959
6.7265625 1.4892578125 0.75126953125 343.929372781
4.8984375 1.6123046875 0.27138671875 327.71704142
9.09765625 1.25341796875 0.605810546875 339.932213018
8.15234375 2.27587890625 0.149658203125 15670.6946272
5.38671875 1.80126953125 0.938916015625 368.215905325
6.84765625 1.15966796875 0.971435546875 359.165159763
5.828125 1.591796875 0.1791015625 320.285869822
6.234375 2.798828125 0.4005859375 56354.3494438
6.89453125 1.23583984375 0.220849609375 318.93339645
3.921875 2.259765625 0.4779296875 382.980591716
5.19921875 2.19970703125 0.102197265625 818.766769231
4.90234375 2.74462890625 0.402783203125 8394.08852071
5.76171875 2.41064453125 0.699853515625 376.894177515
7.35546875 2.84423828125 0.168994140625 2868416.48776
9.5 1.1875 0.60625 341.111076923
6.3203125 2.1572265625 0.86728515625 365.527526627
7.09375 2.37109375 0.694140625 407.750816568
