2.0 1.0 0.1 628.668686391
6.0 2.5 0.55 434.255952663
8.0 1.75 0.775 353.975692308
4.0 3.25 0.325 233356.584899
5.0 2.125 0.6625 357.817846154
9.0 3.625 0.2125 11159.2460118
7.0 1.375 0.4375 326.339455621
3.0 2.875 0.8875 600.228071006
3.5 1.9375 0.38125 401.640568047
7.5 3.4375 0.83125 53800.572213
9.5 1.1875 0.60625 341.111076923
5.5 2.6875 0.15625 18390.7218935
4.5 1.5625 0.94375 403.834792899
8.5 3.0625 0.49375 17019.2586982
6.5 2.3125 0.26875 1046.17666272
2.5 3.8125 0.71875 748.667171598
2.75 2.40625 0.859375 680.134532544
6.75 3.90625 0.409375 3110933.03744
8.75 1.65625 0.184375 325.363029586
4.75 3.15625 0.634375 51043.3522367
