0 0.9426
1 0.9638
2 0.9723
3 0.9748
4 0.9772
5 0.9743
6 0.9809
7 0.9833
8 0.9771
9 0.9815
10 0.9802
11 0.9798
12 0.9825
13 0.9831
14 0.9817
15 0.9795
16 0.9835
17 0.984
18 0.9841
19 0.984
20 0.9841
21 0.984
22 0.9841
23 0.9841
24 0.9841
25 0.9842
26 0.9843
27 0.9843
28 0.9843
29 0.9843
30 0.9843
31 0.9843
32 0.9843
33 0.9843
34 0.9843
35 0.9844
36 0.9846
37 0.9846
38 0.9846
39 0.9846
40 0.9846
41 0.9846
42 0.9846
43 0.9846
44 0.9846
45 0.9846
46 0.9846
47 0.9846
48 0.9846
49 0.9846
50 0.9846
51 0.9846
52 0.9846
53 0.9846
54 0.9846
55 0.9845
56 0.9845
57 0.9845
58 0.9845
59 0.9845
60 0.9845
61 0.9845
62 0.9845
63 0.9845
64 0.9845
65 0.9845
66 0.9845
67 0.9845
68 0.9845
69 0.9845
70 0.9845
71 0.9845
72 0.9845
73 0.9845
74 0.9845
75 0.9845
76 0.9845
77 0.9845
78 0.9845
79 0.9845
80 0.9845
81 0.9845
82 0.9845
83 0.9845
84 0.9845
85 0.9845
86 0.9845
87 0.9845
88 0.9845
89 0.9845
90 0.9845
91 0.9844
92 0.9844
93 0.9845
94 0.9845
95 0.9845
96 0.9845
97 0.9845
98 0.9845
99 0.9846
