0 0.9361
1 0.9613
2 0.9714
3 0.9741
4 0.9783
5 0.9761
6 0.9774
7 0.9793
8 0.9814
9 0.9796
10 0.9825
11 0.9807
12 0.9818
13 0.9844
14 0.9815
15 0.9826
16 0.9834
17 0.9844
18 0.9848
19 0.9849
20 0.9851
21 0.9851
22 0.985
23 0.9849
24 0.985
25 0.9851
26 0.9851
27 0.985
28 0.985
29 0.985
30 0.985
31 0.9851
32 0.9851
33 0.9851
34 0.9851
35 0.9852
36 0.9852
37 0.9853
38 0.9853
39 0.9853
40 0.9853
41 0.9853
42 0.9853
43 0.9852
44 0.9852
45 0.9852
46 0.9851
47 0.9851
48 0.9851
49 0.9851
50 0.9851
51 0.9851
52 0.9851
53 0.9851
54 0.9852
55 0.9852
56 0.9852
57 0.9852
58 0.9852
59 0.9852
60 0.9853
61 0.9853
62 0.9853
63 0.9853
64 0.9853
65 0.9853
66 0.9853
67 0.9853
68 0.9853
69 0.9853
70 0.9853
71 0.9853
72 0.9853
73 0.9853
74 0.9853
75 0.9852
76 0.9852
77 0.9852
78 0.9852
79 0.9852
80 0.9852
81 0.9852
82 0.9852
83 0.9852
84 0.9852
85 0.9852
86 0.9852
87 0.9852
88 0.9852
89 0.9852
90 0.9852
91 0.9852
92 0.9852
93 0.9852
94 0.9852
95 0.9852
96 0.9852
97 0.9852
98 0.9852
99 0.9852
