0 0.9576
1 0.9759
2 0.9807
3 0.9834
4 0.9871
5 0.9883
6 0.9889
7 0.9914
8 0.992
9 0.991
10 0.9915
11 0.9922
12 0.9926
13 0.9926
14 0.9929
15 0.9938
16 0.9911
17 0.9936
18 0.9936
19 0.9933
20 0.9934
21 0.994
22 0.9927
23 0.9936
24 0.9933
25 0.9937
26 0.9934
27 0.9938
28 0.9931
29 0.9935
30 0.9951
31 0.9932
32 0.9934
33 0.9936
34 0.9928
35 0.9933
36 0.9937
37 0.9928
38 0.9936
39 0.9936
40 0.993
41 0.9936
42 0.9947
43 0.9934
44 0.9928
45 0.9935
46 0.9928
47 0.9936
48 0.9938
49 0.9926
50 0.9931
51 0.9935
52 0.9937
53 0.9932
54 0.9933
55 0.9938
56 0.9939
57 0.9931
58 0.9938
59 0.9938
60 0.9937
61 0.9938
62 0.994
63 0.9942
64 0.9942
65 0.9935
66 0.9938
67 0.9934
68 0.9936
69 0.9937
70 0.9933
71 0.9939
72 0.9939
73 0.9927
74 0.9943
75 0.9925
76 0.9932
77 0.9936
78 0.9941
79 0.9943
80 0.9942
81 0.994
82 0.9936
83 0.9941
84 0.9937
85 0.9939
86 0.9934
87 0.9937
88 0.9931
89 0.9931
90 0.9934
91 0.9927
92 0.9931
93 0.9932
94 0.9936
95 0.9941
96 0.9922
97 0.9935
98 0.9929
99 0.9943
