0 0.9406
1 0.9632
2 0.9705
3 0.9734
4 0.9773
5 0.9768
6 0.9797
7 0.98
8 0.9796
9 0.9813
10 0.9819
11 0.9823
12 0.9826
13 0.9814
14 0.9823
15 0.9828
16 0.9829
17 0.9831
18 0.9838
19 0.9837
20 0.9824
21 0.9842
22 0.9843
23 0.9855
24 0.9834
25 0.9856
26 0.9848
27 0.9845
28 0.9856
29 0.9848
30 0.9837
31 0.9852
32 0.9845
33 0.9843
34 0.9853
35 0.9843
36 0.9859
37 0.9858
38 0.9852
39 0.9867
40 0.9847
41 0.9851
42 0.9855
43 0.9854
44 0.9854
45 0.9852
46 0.9853
47 0.9862
48 0.9869
49 0.986
50 0.9854
51 0.9857
52 0.9862
53 0.9855
54 0.986
55 0.9867
56 0.9872
57 0.9872
58 0.9872
59 0.9861
60 0.9871
61 0.987
62 0.9853
63 0.9864
64 0.9855
65 0.9857
66 0.9864
67 0.9875
68 0.9859
69 0.9876
70 0.9878
71 0.9869
72 0.9864
73 0.9867
74 0.9877
75 0.9866
76 0.9867
77 0.9868
78 0.9859
79 0.9873
80 0.9872
81 0.9875
82 0.9878
83 0.9852
84 0.988
85 0.9874
86 0.9867
87 0.9869
88 0.9868
89 0.987
90 0.9869
91 0.9869
92 0.9883
93 0.9871
94 0.9873
95 0.9875
96 0.9868
97 0.9874
98 0.9877
99 0.9871
